,ts,x,y,altitude,mach,tas,vertical_rate,heading,mass,fuel,takeoff_mass,flight_distance
0,0.0,0,0,1500,0.3,197,1449,90,56470,290,56470,4350
1,214.0,0,0,6700,0.5,323,1949,90,56180,290,56470,4350
2,429.0,0,0,13600,0.7,441,2449,90,55900,320,56470,4350
3,643.0,0,0,22400,0.7964,485,1949,90,55600,280,56470,4350
4,858.0,0,0,29400,0.8065,477,1449,90,55330,230,56470,4350
5,1072.0,0,0,34500,0.808,467,949,90,55100,200,56470,4350
6,1286.0,0,0,37900,0.8073,463,449,90,54910,170,56470,4350
7,1501.0,0,0,39500,0.799,458,10,90,54740,150,56470,4350
8,1715.0,0,0,39600,0.8045,461,22,90,54590,150,56470,4350
9,1930.0,0,0,39600,0.8046,462,22,90,54440,150,56470,4350
10,2144.0,0,0,39700,0.8048,462,22,90,54280,150,56470,4350
11,2358.0,0,0,39800,0.8049,462,22,90,54130,150,56470,4350
12,2573.0,0,0,39900,0.8051,462,22,90,53980,150,56470,4350
13,2787.0,0,0,40000,0.8052,462,22,90,53830,150,56470,4350
14,3002.0,0,0,40000,0.8054,462,22,90,53680,150,56470,4350
15,3216.0,0,0,40100,0.8055,462,22,90,53530,150,56470,4350
16,3431.0,0,0,40200,0.8057,462,22,90,53380,150,56470,4350
17,3645.0,0,0,40300,0.8058,462,22,90,53230,150,56470,4350
18,3859.0,0,0,40400,0.8059,462,22,90,53080,150,56470,4350
19,4074.0,0,0,40400,0.8061,462,22,90,52930,150,56470,4350
20,4288.0,0,0,40500,0.8062,462,22,90,52780,150,56470,4350
21,4503.0,0,0,40600,0.8064,463,22,90,52640,150,56470,4350
22,4717.0,0,0,40700,0.8065,463,22,90,52490,150,56470,4350
23,4931.0,0,0,40700,0.8067,463,22,90,52340,150,56470,4350
24,5146.0,0,0,40800,0.8068,463,22,90,52190,150,56470,4350
25,5360.0,0,0,40900,0.8069,463,21,90,52040,140,56470,4350
26,5575.0,0,0,41000,0.8071,463,11,90,51900,140,56470,4350
27,5789.0,0,0,41000,0.8083,464,0,90,51750,140,56470,4350
28,6003.0,0,0,41000,0.8084,464,0,90,51600,140,56470,4350
29,6218.0,0,0,41000,0.8084,464,0,90,51460,140,56470,4350
30,6432.0,0,0,41000,0.8085,464,0,90,51310,140,56470,4350
31,6647.0,0,0,41000,0.8086,464,0,90,51160,140,56470,4350
32,6861.0,0,0,41000,0.8086,464,0,90,51020,140,56470,4350
33,7075.0,0,0,41000,0.8087,464,0,90,50870,140,56470,4350
34,7290.0,0,0,41000,0.8088,464,0,90,50730,140,56470,4350
35,7504.0,0,0,41000,0.8089,464,0,90,50580,140,56470,4350
36,7719.0,0,0,41000,0.8089,464,0,90,50440,140,56470,4350
37,7933.0,0,0,41000,0.809,464,0,90,50290,140,56470,4350
38,8148.0,0,0,41000,0.8091,464,0,90,50150,140,56470,4350
39,8362.0,0,0,41000,0.8091,464,0,90,50000,140,56470,4350
40,8576.0,0,0,41000,0.8092,464,0,90,49860,140,56470,4350
41,8791.0,0,0,41000,0.8093,464,0,90,49720,140,56470,4350
42,9005.0,0,0,41000,0.8093,464,0,90,49570,140,56470,4350
43,9220.0,0,0,41000,0.8094,464,0,90,49430,140,56470,4350
44,9434.0,0,0,41000,0.8095,464,0,90,49280,140,56470,4350
45,9648.0,0,0,41000,0.8096,464,0,90,49140,140,56470,4350
46,9863.0,0,0,41000,0.8096,464,0,90,49000,140,56470,4350
47,10077.0,0,0,41000,0.8097,464,0,90,48860,140,56470,4350
48,10292.0,0,0,41000,0.8098,464,0,90,48710,140,56470,4350
49,10506.0,0,0,41000,0.8098,464,0,90,48570,140,56470,4350
50,10720.0,0,0,41000,0.8099,465,0,90,48430,140,56470,4350
51,10935.0,0,0,41000,0.81,465,0,90,48280,140,56470,4350
52,11149.0,0,0,41000,0.8101,465,0,90,48140,140,56470,4350
53,11364.0,0,0,41000,0.8101,465,0,90,48000,140,56470,4350
54,11578.0,0,0,41000,0.8102,465,0,90,47860,140,56470,4350
55,11792.0,0,0,41000,0.8103,465,0,90,47720,140,56470,4350
56,12007.0,0,0,41000,0.8103,465,0,90,47580,140,56470,4350
57,12221.0,0,0,41000,0.8104,465,0,90,47430,140,56470,4350
58,12436.0,0,0,41000,0.8105,465,0,90,47290,140,56470,4350
59,12650.0,0,0,41000,0.8106,465,0,90,47150,140,56470,4350
60,12865.0,0,0,41000,0.8106,465,0,90,47010,140,56470,4350
61,13079.0,0,0,41000,0.8107,465,0,90,46870,140,56470,4350
62,13293.0,0,0,41000,0.8108,465,0,90,46730,140,56470,4350
63,13508.0,0,0,41000,0.8109,465,0,90,46590,140,56470,4350
64,13722.0,0,0,41000,0.8109,465,0,90,46450,140,56470,4350
65,13937.0,0,0,41000,0.811,465,0,90,46310,140,56470,4350
66,14151.0,0,0,41000,0.8111,465,0,90,46170,140,56470,4350
67,14365.0,0,0,41000,0.8112,465,0,90,46030,140,56470,4350
68,14580.0,0,0,41000,0.8112,465,0,90,45890,140,56470,4350
69,14794.0,0,0,41000,0.8113,465,0,90,45750,140,56470,4350
70,15009.0,0,0,41000,0.8114,465,0,90,45610,140,56470,4350
71,15223.0,0,0,41000,0.8114,465,0,90,45470,140,56470,4350
72,15437.0,0,0,41000,0.8115,465,0,90,45330,140,56470,4350
73,15652.0,0,0,41000,0.8116,466,0,90,45190,140,56470,4350
74,15866.0,0,0,41000,0.8117,466,0,90,45050,140,56470,4350
75,16081.0,0,0,41000,0.8117,466,0,90,44910,140,56470,4350
76,16295.0,0,0,41000,0.8118,466,0,90,44780,140,56470,4350
77,16509.0,0,0,41000,0.8119,466,0,90,44640,140,56470,4350
78,16724.0,0,0,41000,0.812,466,0,90,44500,140,56470,4350
79,16938.0,0,0,41000,0.8119,466,-57,90,44360,130,56470,4350
80,17153.0,0,0,40800,0.8116,466,-500,90,44220,120,56470,4350
81,17367.0,0,0,39000,0.8085,464,-1000,90,44100,120,56470,4350
82,17582.0,0,0,35400,0.7943,457,-1500,90,43980,110,56470,4350
83,17796.0,0,0,30100,0.7193,424,-2000,90,43860,100,56470,4350
84,18010.0,0,0,22900,0.6288,382,-2500,90,43760,90,56470,4350
85,18225.0,0,0,14000,0.5,314,-2000,90,43660,90,56470,4350
86,18439.0,0,0,6900,0.3,194,-1500,90,43560,80,56470,4350
87,18654.0,0,0,1500,0.1,66,-1000,90,43480,120,56470,4350
