,ts,x,y,altitude,mach,tas,vertical_rate,heading,mass,fuel,takeoff_mass,flight_distance
0,0.0,0,0,1500,0.1119,74,2500,90,70530,360,70530,4350
1,219.0,0,0,10600,0.3119,199,2000,90,70530,420,70530,4350
2,437.0,0,0,17900,0.5119,317,1500,90,70100,290,70530,4350
3,656.0,0,0,23400,0.7119,431,1281,90,69810,270,70530,4350
4,875.0,0,0,28000,0.7627,453,781,90,69550,230,70530,4350
5,1093.0,0,0,30900,0.7993,469,281,90,69320,200,70530,4350
6,1312.0,0,0,31900,0.7811,457,0,90,69120,180,70530,4350
7,1531.0,0,0,31900,0.7846,459,12,90,68940,180,70530,4350
8,1749.0,0,0,31900,0.7867,460,28,90,68750,180,70530,4350
9,1968.0,0,0,32000,0.787,460,27,90,68570,180,70530,4350
10,2186.0,0,0,32100,0.7874,460,27,90,68380,180,70530,4350
11,2405.0,0,0,32200,0.7878,460,27,90,68200,180,70530,4350
12,2624.0,0,0,32300,0.7882,460,27,90,68020,180,70530,4350
13,2842.0,0,0,32400,0.7886,460,27,90,67840,180,70530,4350
14,3061.0,0,0,32500,0.789,460,27,90,67660,180,70530,4350
15,3280.0,0,0,32600,0.7894,460,27,90,67470,180,70530,4350
16,3498.0,0,0,32700,0.7897,460,27,90,67290,180,70530,4350
17,3717.0,0,0,32800,0.7901,460,27,90,67110,180,70530,4350
18,3936.0,0,0,32900,0.7904,460,27,90,66930,180,70530,4350
19,4154.0,0,0,33000,0.7908,460,27,90,66750,180,70530,4350
20,4373.0,0,0,33100,0.7911,460,27,90,66570,180,70530,4350
21,4592.0,0,0,33200,0.7914,460,27,90,66390,180,70530,4350
22,4810.0,0,0,33300,0.7918,460,27,90,66220,180,70530,4350
23,5029.0,0,0,33400,0.7921,460,27,90,66040,180,70530,4350
24,5247.0,0,0,33500,0.7924,460,27,90,65860,180,70530,4350
25,5466.0,0,0,33600,0.7927,460,27,90,65680,180,70530,4350
26,5685.0,0,0,33700,0.793,460,27,90,65500,180,70530,4350
27,5903.0,0,0,33800,0.7933,460,26,90,65330,180,70530,4350
28,6122.0,0,0,33900,0.7936,460,26,90,65150,170,70530,4350
29,6341.0,0,0,34000,0.7939,460,26,90,64980,170,70530,4350
30,6559.0,0,0,34100,0.7942,460,26,90,64800,170,70530,4350
31,6778.0,0,0,34200,0.7945,460,26,90,64620,170,70530,4350
32,6997.0,0,0,34300,0.7947,460,26,90,64450,170,70530,4350
33,7215.0,0,0,34400,0.795,460,26,90,64270,170,70530,4350
34,7434.0,0,0,34500,0.7953,459,26,90,64100,170,70530,4350
35,7653.0,0,0,34600,0.7955,459,26,90,63930,170,70530,4350
36,7871.0,0,0,34700,0.7958,459,26,90,63750,170,70530,4350
37,8090.0,0,0,34800,0.7961,459,26,90,63580,170,70530,4350
38,8308.0,0,0,34900,0.7963,459,26,90,63410,170,70530,4350
39,8527.0,0,0,35000,0.7965,459,26,90,63230,170,70530,4350
40,8746.0,0,0,35000,0.7968,459,25,90,63060,170,70530,4350
41,8964.0,0,0,35100,0.797,459,25,90,62890,170,70530,4350
42,9183.0,0,0,35200,0.7973,459,25,90,62720,170,70530,4350
43,9402.0,0,0,35300,0.7975,459,25,90,62550,170,70530,4350
44,9620.0,0,0,35400,0.7977,459,25,90,62380,170,70530,4350
45,9839.0,0,0,35500,0.7979,459,25,90,62210,170,70530,4350
46,10058.0,0,0,35600,0.7981,459,25,90,62040,170,70530,4350
47,10276.0,0,0,35700,0.7984,459,25,90,61870,170,70530,4350
48,10495.0,0,0,35800,0.7986,459,25,90,61700,170,70530,4350
49,10714.0,0,0,35900,0.7988,459,25,90,61530,170,70530,4350
50,10932.0,0,0,36000,0.799,459,28,90,61360,170,70530,4350
51,11151.0,0,0,36100,0.7986,458,33,90,61190,170,70530,4350
52,11369.0,0,0,36200,0.797,457,24,90,61020,170,70530,4350
53,11588.0,0,0,36300,0.7972,457,24,90,60860,170,70530,4350
54,11807.0,0,0,36400,0.7974,457,24,90,60690,160,70530,4350
55,12025.0,0,0,36400,0.7976,458,24,90,60520,160,70530,4350
56,12244.0,0,0,36500,0.7979,458,24,90,60360,160,70530,4350
57,12463.0,0,0,36600,0.7981,458,24,90,60190,160,70530,4350
58,12681.0,0,0,36700,0.7983,458,24,90,60030,160,70530,4350
59,12900.0,0,0,36800,0.7985,458,24,90,59860,160,70530,4350
60,13119.0,0,0,36900,0.7987,458,24,90,59700,160,70530,4350
61,13337.0,0,0,37000,0.7989,458,24,90,59530,160,70530,4350
62,13556.0,0,0,37100,0.7992,458,24,90,59370,160,70530,4350
63,13775.0,0,0,37100,0.7994,458,24,90,59210,160,70530,4350
64,13993.0,0,0,37200,0.7996,459,24,90,59040,160,70530,4350
65,14212.0,0,0,37300,0.7998,459,23,90,58880,160,70530,4350
66,14430.0,0,0,37400,0.8,459,23,90,58720,160,70530,4350
67,14649.0,0,0,37500,0.8002,459,23,90,58550,160,70530,4350
68,14868.0,0,0,37600,0.8004,459,23,90,58390,160,70530,4350
69,15086.0,0,0,37700,0.8005,459,23,90,58230,160,70530,4350
70,15305.0,0,0,37700,0.8007,459,23,90,58070,160,70530,4350
71,15524.0,0,0,37800,0.8009,459,23,90,57910,160,70530,4350
72,15742.0,0,0,37900,0.8011,459,23,90,57750,160,70530,4350
73,15961.0,0,0,38000,0.8013,460,23,90,57580,160,70530,4350
74,16180.0,0,0,38100,0.8015,460,23,90,57420,160,70530,4350
75,16398.0,0,0,38200,0.8017,460,23,90,57260,160,70530,4350
76,16617.0,0,0,38200,0.8018,460,23,90,57100,160,70530,4350
77,16836.0,0,0,38300,0.802,460,23,90,56950,160,70530,4350
78,17054.0,0,0,38400,0.8022,460,23,90,56790,160,70530,4350
79,17273.0,0,0,38500,0.8024,460,27,90,56630,160,70530,4350
80,17491.0,0,0,38600,0.801,459,-340,90,56470,140,70530,4350
81,17710.0,0,0,37400,0.8018,460,-840,90,56320,130,70530,4350
82,17929.0,0,0,34300,0.7942,459,-1340,90,56190,120,70530,4350
83,18147.0,0,0,29400,0.7475,442,-1840,90,56070,110,70530,4350
84,18366.0,0,0,22700,0.6635,403,-2340,90,55960,100,70530,4350
85,18585.0,0,0,14200,0.5,314,-1990,90,55850,90,70530,4350
86,18803.0,0,0,6900,0.3,194,-1490,90,55760,80,70530,4350
87,19022.0,0,0,1500,0.1,66,-990,90,55680,250,70530,4350
